Sample predictions for s4_190: [[0.25211376]
 [0.24253649]
 [0.25852135]
 [0.45978892]
 [0.51123846]
 [0.53978795]
 [0.6207748 ]
 [0.6574022 ]
 [0.5816666 ]
 [0.526142  ]]
Sample true values: [0.24285714 0.25       0.31428573 0.37857142 0.43571427 0.49285713
 0.55       0.54285717 0.5214286  0.49285713]

Sample predictions for hour: [[0.427572  ]
 [0.46919376]
 [0.49505156]
 [0.53254646]
 [0.5854083 ]
 [0.6520088 ]
 [0.70582193]
 [0.7463406 ]
 [0.78355426]
 [0.82514626]]
Sample true values: [0.39130434 0.4347826  0.47826087 0.5217391  0.5652174  0.6086956
 0.65217394 0.6956522  0.73913044 0.7826087 ]

Sample predictions for dayofweek: [[0.8670855]
 [0.8673343]
 [0.8673343]
 [0.8673343]
 [0.8673343]
 [0.8673343]
 [0.8673343]
 [0.8673343]
 [0.8673343]
 [0.8673343]]
Sample true values: [0.8333333 0.8333333 0.8333333 0.8333333 0.8333333 0.8333333 0.8333333
 0.8333333 0.8333333 0.8333333]

Sample predictions for hour_sin: [[0.89341885]
 [0.7854539 ]
 [0.6523731 ]
 [0.5234575 ]
 [0.38488728]
 [0.24620768]
 [0.14486617]
 [0.05137134]
 [0.02481311]
 [0.02034006]]
Sample true values: [0.8535534  0.75       0.62940955 0.5        0.37059048 0.25
 0.14644662 0.0669873  0.01703709 0.        



Sample predictions for hour_cos: [[0.17755523]
 [0.07429864]
 [0.04209   ]
 [0.04859474]
 [0.05924955]
 [0.07166091]
 [0.1346493 ]
 [0.2582279 ]
 [0.3842089 ]
 [0.5501617 ]]
Sample true values: [0.14644662 0.0669873  0.01703709 0.         0.01703709 0.0669873
 0.14644662 0.25       0.37059048 0.5       ]